  (0, 203096)	0.2247695071224829
  (0, 207445)	0.1602747293700655
  (0, 223319)	0.16481997318041297
  (0, 210670)	0.24370062110736754
  (0, 233149)	0.10940898588686342
  (0, 231154)	0.20375298905991945
  (0, 278694)	0.03501513663719134
  (0, 269160)	0.03501513663719134
  (0, 198776)	0.4371751107534374
  (0, 233914)	0.03501513663719134
  (0, 224894)	0.24412164986705207
  (0, 277720)	0.05425689938509038
  (0, 258456)	0.48824329973410413
  (0, 261016)	0.1804770324707174
  (0, 287158)	0.13838644358113186
  (0, 210527)	0.11654546648589478
  (0, 239841)	0.3447681577635779
  (0, 268741)	0.2610567572977718
  (0, 278781)	0.06650386982209083
  (0, 231201)	0.10044953333884525
  (0, 253230)	0.14130898755033267
  (0, 208023)	0.03501513663719134
  (1, 202640)	0.07134513659770635
  (1, 228233)	0.266927878989776
  (1, 247351)	0.26351209353538
  :	:
  (194551, 223319)	0.04757902798942413
  (194551, 278694)	0.01010791431382432
  (194551, 269160)	0.01010791431382432
  (194551, 233914)	0.01010791431382432
  (194551, 277720)	0.07831243036415458
  (194551, 287158)	0.01997419470908519
  (194551, 278781)	0.019197852193597535
  (194551, 208023)	0.01010791431382432
  (194552, 1725)	0.5633073168492405
  (194552, 270621)	0.38680630920814624
  (194552, 280784)	0.38460501511377865
  (194552, 202783)	0.29494637735114265
  (194552, 257172)	0.18321789000116942
  (194552, 287567)	0.30619261326388864
  (194552, 257119)	0.13579704719977723
  (194552, 284635)	0.19436393648087724
  (194552, 284141)	0.24090870535939218
  (194552, 277873)	0.1512058225241622
  (194552, 202640)	0.08928480677559021
  (194552, 236144)	0.1012576108503711
  (194552, 278694)	0.04511757916458811
  (194552, 269160)	0.04511757916458811
  (194552, 233914)	0.04511757916458811
  (194552, 278781)	0.0856913295109827
  (194552, 208023)	0.04511757916458811